-71.896474 4.002930
-71.817130 4.002968
-71.817185 3.982827
-71.836790 3.982880
-71.836787 3.682965
-71.667522 3.682785
-71.503514 3.681693
-71.503511 3.644743
-71.543220 3.644856
-71.543296 3.617346
-71.696535 3.617762
-71.696668 3.566405
-71.749966 3.566542
-71.749881 3.600453
-71.765862 3.600493
-71.765922 3.576268
-71.886200 3.530170
-71.886263 3.502924
-72.003464 3.502866
-72.003474 3.567239
-71.968667 3.567160
-71.968392 3.686169
-71.976443 3.686107
-71.976391 3.708338
-71.936873 3.745982
-71.936654 3.835140
-71.909102 3.879784
-71.896695 3.879752
-71.896474 4.002930